"county","floor","log_uranium","log_radon"
"AITKIN",1,-0.6890475953545,0.78845736036427
"AITKIN",0,-0.6890475953545,0.78845736036427
"AITKIN",0,-0.6890475953545,1.06471073699243
"AITKIN",0,-0.6890475953545,0
"ANOKA",0,-0.847312860499705,1.1314021114911
"ANOKA",0,-0.847312860499705,0.916290731874155
"ANOKA",0,-0.847312860499705,0.405465108108164
"ANOKA",0,-0.847312860499705,0
"ANOKA",0,-0.847312860499705,-0.356674943938732
"ANOKA",0,-0.847312860499705,0.182321556793955
"ANOKA",0,-0.847312860499705,0.182321556793955
"ANOKA",0,-0.847312860499705,0.262364264467491
"ANOKA",0,-0.847312860499705,0.336472236621213
"ANOKA",0,-0.847312860499705,-0.916290731874155
"ANOKA",0,-0.847312860499705,0.0953101798043249
"ANOKA",0,-0.847312860499705,1.50407739677627
"ANOKA",0,-0.847312860499705,0.262364264467491
"ANOKA",0,-0.847312860499705,0.741937344729377
"ANOKA",0,-0.847312860499705,1.77495235091167
"ANOKA",0,-0.847312860499705,1.19392246847243
"ANOKA",0,-0.847312860499705,0.587786664902119
"ANOKA",0,-0.847312860499705,1.68639895357023
"ANOKA",0,-0.847312860499705,1.84054963339749
"ANOKA",0,-0.847312860499705,0.641853886172395
"ANOKA",0,-0.847312860499705,1.88706964903238
"ANOKA",0,-0.847312860499705,1.1314021114911
"ANOKA",0,-0.847312860499705,1.91692261218206
"ANOKA",0,-0.847312860499705,1.94591014905531
"ANOKA",0,-0.847312860499705,2.04122032885964
"ANOKA",0,-0.847312860499705,1.64865862558738
"ANOKA",0,-0.847312860499705,1.50407739677627
"ANOKA",0,-0.847312860499705,1.48160454092422
"ANOKA",0,-0.847312860499705,1.02961941718116
"ANOKA",0,-0.847312860499705,2.09186406167839
"ANOKA",0,-0.847312860499705,0.470003629245736
"ANOKA",0,-0.847312860499705,1.43508452528932
"ANOKA",0,-0.847312860499705,1.68639895357023
"ANOKA",0,-0.847312860499705,1.38629436111989
"ANOKA",0,-0.847312860499705,0.832909122935104
"ANOKA",0,-0.847312860499705,1.06471073699243
"ANOKA",0,-0.847312860499705,0.336472236621213
"ANOKA",0,-0.847312860499705,1.19392246847243
"ANOKA",0,-0.847312860499705,1.06471073699243
"ANOKA",1,-0.847312860499705,0.587786664902119
"ANOKA",1,-0.847312860499705,-1.6094379124341
"ANOKA",0,-0.847312860499705,0.8754687373539
"ANOKA",1,-0.847312860499705,0.0953101798043249
"ANOKA",0,-0.847312860499705,0.78845736036427
"ANOKA",0,-0.847312860499705,-0.510825623765991
"ANOKA",0,-0.847312860499705,0.53062825106217
"ANOKA",0,-0.847312860499705,1.06471073699243
"ANOKA",0,-0.847312860499705,0.78845736036427
"ANOKA",0,-0.847312860499705,0.53062825106217
"ANOKA",0,-0.847312860499705,0.336472236621213
"ANOKA",0,-0.847312860499705,0.641853886172395
"ANOKA",0,-0.847312860499705,0.587786664902119
"BECKER",1,-0.11345877376814,0.182321556793955
"BECKER",0,-0.11345877376814,1.45861502269952
"BECKER",1,-0.11345877376814,1.50407739677627
"BELTRAMI",0,-0.593352525607471,1.84054963339749
"BELTRAMI",0,-0.593352525607471,1.52605630349505
"BELTRAMI",0,-0.593352525607471,1.7404661748405
"BELTRAMI",1,-0.593352525607471,0.78845736036427
"BELTRAMI",1,-0.593352525607471,-0.916290731874155
"BELTRAMI",1,-0.593352525607471,1.52605630349505
"BELTRAMI",1,-0.593352525607471,1.48160454092422
"BENTON",0,-0.142890481153028,1.88706964903238
"BENTON",0,-0.142890481153028,0.993251773010283
"BENTON",1,-0.142890481153028,1.06471073699243
"BENTON",0,-0.142890481153028,1.06471073699243
"BIG STONE",0,0.387056708424809,1.97408102602201
"BIG STONE",0,0.387056708424809,1.6094379124341
"BIG STONE",0,0.387056708424809,0.955511445027436
"BLUE EARTH",0,0.271613664272716,1.6094379124341
"BLUE EARTH",0,0.271613664272716,2.56494935746154
"BLUE EARTH",0,0.271613664272716,1.97408102602201
"BLUE EARTH",0,0.271613664272716,1.91692261218206
"BLUE EARTH",0,0.271613664272716,2.54944517092557
"BLUE EARTH",1,0.271613664272716,1.75785791755237
"BLUE EARTH",0,0.271613664272716,2.2512917986065
"BLUE EARTH",0,0.271613664272716,1.79175946922805
"BLUE EARTH",0,0.271613664272716,1.33500106673234
"BLUE EARTH",1,0.271613664272716,2.66025953726586
"BLUE EARTH",0,0.271613664272716,0.587786664902119
"BLUE EARTH",0,0.271613664272716,1.93152141160321
"BLUE EARTH",0,0.271613664272716,1.54756250871601
"BLUE EARTH",0,0.271613664272716,2.2512917986065
"BROWN",1,0.277578704889093,0.916290731874155
"BROWN",0,0.277578704889093,1.90210752639692
"BROWN",1,0.277578704889093,1.38629436111989
"BROWN",0,0.277578704889093,2.31253542384721
"CARLTON",0,-0.332315487884133,0.78845736036427
"CARLTON",0,-0.332315487884133,0.587786664902119
"CARLTON",0,-0.332315487884133,1.22377543162212
"CARLTON",1,-0.332315487884133,1.7227665977411
"CARLTON",0,-0.332315487884133,1.45861502269952
"CARLTON",0,-0.332315487884133,1.3609765531356
"CARLTON",0,-0.332315487884133,0.262364264467491
"CARLTON",0,-0.332315487884133,1.43508452528932
"CARLTON",0,-0.332315487884133,-0.22314355131421
"CARLTON",0,-0.332315487884133,0.693147180559945
"CARVER",0,0.0958645715553609,0.470003629245736
"CARVER",0,0.0958645715553609,2.55722731136763
"CARVER",1,0.0958645715553609,2.68784749378469
"CARVER",1,0.0958645715553609,1.54756250871601
"CARVER",0,0.0958645715553609,2.26176309847379
"CARVER",1,0.0958645715553609,-2.30258509299405
"CASS",0,-0.608219806930943,1.30833281965018
"CASS",0,-0.608219806930943,2.00148000021012
"CASS",0,-0.608219806930943,0.641853886172395
"CASS",0,-0.608219806930943,1.66770682055808
"CASS",0,-0.608219806930943,1.38629436111989
"CHIPPEWA",0,0.273684562807927,2.04122032885964
"CHIPPEWA",0,0.273684562807927,0.336472236621213
"CHIPPEWA",0,0.273684562807927,2.30258509299405
"CHIPPEWA",0,0.273684562807927,2.24070968927596
"CHISAGO",0,-0.735320087151157,-0.22314355131421
"CHISAGO",0,-0.735320087151157,1.48160454092422
"CHISAGO",0,-0.735320087151157,1.6094379124341
"CHISAGO",0,-0.735320087151157,0.741937344729377
"CHISAGO",0,-0.735320087151157,0.53062825106217
"CHISAGO",0,-0.735320087151157,2.09186406167839
"CLAY",1,0.343781175420031,-0.105360515657826
"CLAY",0,0.343781175420031,2.55722731136763
"CLAY",0,0.343781175420031,0.955511445027436
"CLAY",1,0.343781175420031,1.25276296849537
"CLAY",0,0.343781175420031,3.28091121578765
"CLAY",0,0.343781175420031,0.405465108108164
"CLAY",0,0.343781175420031,2.56494935746154
"CLAY",0,0.343781175420031,2.17475172148416
"CLAY",0,0.343781175420031,2.9704144655697
"CLAY",1,0.343781175420031,0.916290731874155
"CLAY",0,0.343781175420031,2.19722457733622
"CLAY",0,0.343781175420031,2.57261223020711
"CLAY",0,0.343781175420031,1.28093384546206
"CLAY",1,0.343781175420031,1.93152141160321
"CLEARWATER",1,-0.0598604138977053,1.56861591791385
"CLEARWATER",0,-0.0598604138977053,1.22377543162212
"CLEARWATER",1,-0.0598604138977053,-0.105360515657826
"CLEARWATER",0,-0.0598604138977053,1.22377543162212
"COOK",0,-0.504995982525783,0.993251773010283
"COOK",0,-0.504995982525783,0.336472236621213
"COTTONWOOD",0,0.339560320720446,1.91692261218206
"COTTONWOOD",1,0.339560320720446,2.40694510831829
"COTTONWOOD",1,0.339560320720446,-2.30258509299405
"COTTONWOOD",1,0.339560320720446,0.916290731874155
"CROW WING",0,-0.633390700175141,0.587786664902119
"CROW WING",0,-0.633390700175141,0.470003629245736
"CROW WING",1,-0.633390700175141,0
"CROW WING",0,-0.633390700175141,-0.105360515657826
"CROW WING",0,-0.633390700175141,1.06471073699243
"CROW WING",0,-0.633390700175141,1.48160454092422
"CROW WING",0,-0.633390700175141,0.405465108108164
"CROW WING",0,-0.633390700175141,1.41098697371026
"CROW WING",1,-0.633390700175141,0.916290731874155
"CROW WING",1,-0.633390700175141,1.90210752639692
"CROW WING",0,-0.633390700175141,1.45861502269952
"CROW WING",0,-0.633390700175141,1.70474809223843
"DAKOTA",0,-0.0241451624685385,1.28093384546206
"DAKOTA",0,-0.0241451624685385,1.02961941718116
"DAKOTA",0,-0.0241451624685385,2.68102152871429
"DAKOTA",0,-0.0241451624685385,1.90210752639692
"DAKOTA",0,-0.0241451624685385,2.07944154167984
"DAKOTA",0,-0.0241451624685385,0.955511445027436
"DAKOTA",1,-0.0241451624685385,1.02961941718116
"DAKOTA",0,-0.0241451624685385,1.48160454092422
"DAKOTA",1,-0.0241451624685385,0.53062825106217
"DAKOTA",0,-0.0241451624685385,0.693147180559945
"DAKOTA",0,-0.0241451624685385,0.693147180559945
"DAKOTA",0,-0.0241451624685385,0.405465108108164
"DAKOTA",0,-0.0241451624685385,2.26176309847379
"DAKOTA",0,-0.0241451624685385,2.09186406167839
"DAKOTA",0,-0.0241451624685385,1.25276296849537
"DAKOTA",1,-0.0241451624685385,-0.22314355131421
"DAKOTA",0,-0.0241451624685385,1.62924053973028
"DAKOTA",0,-0.0241451624685385,1.16315080980568
"DAKOTA",0,-0.0241451624685385,2.37954613413017
"DAKOTA",0,-0.0241451624685385,2.10413415427021
"DAKOTA",0,-0.0241451624685385,1.84054963339749
"DAKOTA",0,-0.0241451624685385,1.56861591791385
"DAKOTA",0,-0.0241451624685385,1.79175946922805
"DAKOTA",0,-0.0241451624685385,0.0953101798043249
"DAKOTA",0,-0.0241451624685385,2.16332302566054
"DAKOTA",0,-0.0241451624685385,2.17475172148416
"DAKOTA",0,-0.0241451624685385,1.91692261218206
"DAKOTA",0,-0.0241451624685385,0.832909122935104
"DAKOTA",0,-0.0241451624685385,0.470003629245736
"DAKOTA",0,-0.0241451624685385,1.02961941718116
"DAKOTA",0,-0.0241451624685385,1.87180217690159
"DAKOTA",0,-0.0241451624685385,0.53062825106217
"DAKOTA",0,-0.0241451624685385,1.52605630349505
"DAKOTA",0,-0.0241451624685385,1.19392246847243
"DAKOTA",0,-0.0241451624685385,1.48160454092422
"DAKOTA",0,-0.0241451624685385,3.05400118167797
"DAKOTA",0,-0.0241451624685385,2.2082744135228
"DAKOTA",0,-0.0241451624685385,-0.105360515657826
"DAKOTA",0,-0.0241451624685385,1.58923520511658
"DAKOTA",0,-0.0241451624685385,1.6094379124341
"DAKOTA",0,-0.0241451624685385,0.0953101798043249
"DAKOTA",0,-0.0241451624685385,2.02814824729229
"DAKOTA",0,-0.0241451624685385,1.68639895357023
"DAKOTA",0,-0.0241451624685385,1.28093384546206
"DAKOTA",0,-0.0241451624685385,1.58923520511658
"DAKOTA",0,-0.0241451624685385,1.54756250871601
"DAKOTA",0,-0.0241451624685385,0.336472236621213
"DAKOTA",0,-0.0241451624685385,1.22377543162212
"DAKOTA",0,-0.0241451624685385,1.43508452528932
"DAKOTA",0,-0.0241451624685385,0.916290731874155
"DAKOTA",0,-0.0241451624685385,0.336472236621213
"DAKOTA",0,-0.0241451624685385,0.336472236621213
"DAKOTA",0,-0.0241451624685385,0.641853886172395
"DAKOTA",0,-0.0241451624685385,1.56861591791385
"DAKOTA",1,-0.0241451624685385,0.336472236621213
"DAKOTA",0,-0.0241451624685385,1.33500106673234
"DAKOTA",0,-0.0241451624685385,2.17475172148416
"DAKOTA",0,-0.0241451624685385,1.45861502269952
"DAKOTA",0,-0.0241451624685385,1.48160454092422
"DAKOTA",0,-0.0241451624685385,1.50407739677627
"DAKOTA",0,-0.0241451624685385,0.78845736036427
"DAKOTA",0,-0.0241451624685385,-0.693147180559945
"DAKOTA",0,-0.0241451624685385,1.75785791755237
"DODGE",0,0.263855459775217,1.68639895357023
"DODGE",0,0.263855459775217,1.97408102602201
"DODGE",0,0.263855459775217,1.7404661748405
"DOUGLAS",0,0.155712316979839,2.00148000021012
"DOUGLAS",0,0.155712316979839,1.56861591791385
"DOUGLAS",0,0.155712316979839,1.91692261218206
"DOUGLAS",0,0.155712316979839,1.85629799036563
"DOUGLAS",1,0.155712316979839,1.30833281965018
"DOUGLAS",0,0.155712316979839,1.70474809223843
"DOUGLAS",0,0.155712316979839,2.05412373369555
"DOUGLAS",0,0.155712316979839,1.48160454092422
"DOUGLAS",0,0.155712316979839,0.993251773010283
"FARIBAULT",0,0.295025046707039,1.22377543162212
"FARIBAULT",0,0.295025046707039,1.43508452528932
"FARIBAULT",0,0.295025046707039,0.832909122935104
"FARIBAULT",1,0.295025046707039,0.262364264467491
"FARIBAULT",0,0.295025046707039,1.64865862558738
"FARIBAULT",0,0.295025046707039,-2.30258509299405
"FILLMORE",1,0.414913662927776,0.916290731874155
"FILLMORE",0,0.414913662927776,1.16315080980568
"FREEBORN",0,0.224206985667406,1.16315080980568
"FREEBORN",0,0.224206985667406,2.26176309847379
"FREEBORN",0,0.224206985667406,1.43508452528932
"FREEBORN",0,0.224206985667406,2.19722457733622
"FREEBORN",0,0.224206985667406,1.84054963339749
"FREEBORN",0,0.224206985667406,3.48431228837266
"FREEBORN",0,0.224206985667406,2.58021682959233
"FREEBORN",1,0.224206985667406,0.78845736036427
"FREEBORN",1,0.224206985667406,1.7227665977411
"GOODHUE",0,0.196610646424232,2.66025953726586
"GOODHUE",1,0.196610646424232,1.93152141160321
"GOODHUE",0,0.196610646424232,2.02814824729229
"GOODHUE",1,0.196610646424232,2.28238238567653
"GOODHUE",0,0.196610646424232,0.955511445027436
"GOODHUE",0,0.196610646424232,3.77276093809464
"GOODHUE",0,0.196610646424232,1.58923520511658
"GOODHUE",0,0.196610646424232,1.58923520511658
"GOODHUE",0,0.196610646424232,1.25276296849537
"GOODHUE",0,0.196610646424232,1.56861591791385
"GOODHUE",0,0.196610646424232,1.7227665977411
"GOODHUE",0,0.196610646424232,1.25276296849537
"GOODHUE",0,0.196610646424232,1.3609765531356
"GOODHUE",0,0.196610646424232,1.90210752639692
"HENNEPIN",0,-0.09652081232424,2.06686275947298
"HENNEPIN",0,-0.09652081232424,1.19392246847243
"HENNEPIN",1,-0.09652081232424,0.741937344729377
"HENNEPIN",0,-0.09652081232424,0.470003629245736
"HENNEPIN",0,-0.09652081232424,1.38629436111989
"HENNEPIN",0,-0.09652081232424,0.587786664902119
"HENNEPIN",0,-0.09652081232424,0.916290731874155
"HENNEPIN",0,-0.09652081232424,2.41591377830105
"HENNEPIN",0,-0.09652081232424,0.955511445027436
"HENNEPIN",0,-0.09652081232424,1.3609765531356
"HENNEPIN",0,-0.09652081232424,2.00148000021012
"HENNEPIN",0,-0.09652081232424,0.262364264467491
"HENNEPIN",0,-0.09652081232424,-0.105360515657826
"HENNEPIN",0,-0.09652081232424,-0.916290731874155
"HENNEPIN",1,-0.09652081232424,0.916290731874155
"HENNEPIN",0,-0.09652081232424,1.79175946922805
"HENNEPIN",0,-0.09652081232424,0.693147180559945
"HENNEPIN",0,-0.09652081232424,1.68639895357023
"HENNEPIN",0,-0.09652081232424,1.09861228866811
"HENNEPIN",0,-0.09652081232424,1.06471073699243
"HENNEPIN",0,-0.09652081232424,1.70474809223843
"HENNEPIN",0,-0.09652081232424,1.41098697371026
"HENNEPIN",0,-0.09652081232424,1.3609765531356
"HENNEPIN",0,-0.09652081232424,2.70136121295141
"HENNEPIN",0,-0.09652081232424,1.97408102602201
"HENNEPIN",0,-0.09652081232424,0.832909122935104
"HENNEPIN",1,-0.09652081232424,1.02961941718116
"HENNEPIN",0,-0.09652081232424,1.48160454092422
"HENNEPIN",0,-0.09652081232424,0.405465108108164
"HENNEPIN",0,-0.09652081232424,2.15176220325946
"HENNEPIN",0,-0.09652081232424,1.7227665977411
"HENNEPIN",0,-0.09652081232424,2.15176220325946
"HENNEPIN",0,-0.09652081232424,1.33500106673234
"HENNEPIN",0,-0.09652081232424,0.587786664902119
"HENNEPIN",0,-0.09652081232424,0.641853886172395
"HENNEPIN",0,-0.09652081232424,1.70474809223843
"HENNEPIN",0,-0.09652081232424,0.916290731874155
"HENNEPIN",1,-0.09652081232424,-0.22314355131421
"HENNEPIN",0,-0.09652081232424,0.741937344729377
"HENNEPIN",0,-0.09652081232424,1.02961941718116
"HENNEPIN",0,-0.09652081232424,1.3609765531356
"HENNEPIN",0,-0.09652081232424,1.45861502269952
"HENNEPIN",0,-0.09652081232424,1.54756250871601
"HENNEPIN",0,-0.09652081232424,1.02961941718116
"HENNEPIN",0,-0.09652081232424,1.41098697371026
"HENNEPIN",0,-0.09652081232424,0.470003629245736
"HENNEPIN",0,-0.09652081232424,1.45861502269952
"HENNEPIN",1,-0.09652081232424,-0.356674943938732
"HENNEPIN",0,-0.09652081232424,1.70474809223843
"HENNEPIN",1,-0.09652081232424,1.19392246847243
"HENNEPIN",0,-0.09652081232424,1.70474809223843
"HENNEPIN",0,-0.09652081232424,0.916290731874155
"HENNEPIN",0,-0.09652081232424,0.993251773010283
"HENNEPIN",0,-0.09652081232424,2.12823170584927
"HENNEPIN",0,-0.09652081232424,1.19392246847243
"HENNEPIN",0,-0.09652081232424,1.16315080980568
"HENNEPIN",0,-0.09652081232424,2.15176220325946
"HENNEPIN",0,-0.09652081232424,0.53062825106217
"HENNEPIN",0,-0.09652081232424,1.7404661748405
"HENNEPIN",0,-0.09652081232424,2.56494935746154
"HENNEPIN",0,-0.09652081232424,0.993251773010283
"HENNEPIN",0,-0.09652081232424,1.54756250871601
"HENNEPIN",0,-0.09652081232424,1.7227665977411
"HENNEPIN",0,-0.09652081232424,2.62466859216316
"HENNEPIN",1,-0.09652081232424,2.02814824729229
"HENNEPIN",0,-0.09652081232424,1.7404661748405
"HENNEPIN",0,-0.09652081232424,1.52605630349505
"HENNEPIN",0,-0.09652081232424,2.02814824729229
"HENNEPIN",0,-0.09652081232424,0.955511445027436
"HENNEPIN",0,-0.09652081232424,1.50407739677627
"HENNEPIN",0,-0.09652081232424,1.77495235091167
"HENNEPIN",0,-0.09652081232424,0.78845736036427
"HENNEPIN",0,-0.09652081232424,0.8754687373539
"HENNEPIN",0,-0.09652081232424,1.38629436111989
"HENNEPIN",0,-0.09652081232424,1.52605630349505
"HENNEPIN",0,-0.09652081232424,1.52605630349505
"HENNEPIN",0,-0.09652081232424,2.3887627892351
"HENNEPIN",0,-0.09652081232424,2.02814824729229
"HENNEPIN",0,-0.09652081232424,1.09861228866811
"HENNEPIN",0,-0.09652081232424,0.405465108108164
"HENNEPIN",1,-0.09652081232424,0.470003629245736
"HENNEPIN",0,-0.09652081232424,2.80336038090653
"HENNEPIN",0,-0.09652081232424,1.1314021114911
"HENNEPIN",0,-0.09652081232424,1.62924053973028
"HENNEPIN",0,-0.09652081232424,1.58923520511658
"HENNEPIN",0,-0.09652081232424,1.79175946922805
"HENNEPIN",1,-0.09652081232424,-0.105360515657826
"HENNEPIN",0,-0.09652081232424,0.587786664902119
"HENNEPIN",0,-0.09652081232424,1.3609765531356
"HENNEPIN",0,-0.09652081232424,1.7227665977411
"HENNEPIN",1,-0.09652081232424,-0.916290731874155
"HENNEPIN",0,-0.09652081232424,0.955511445027436
"HENNEPIN",0,-0.09652081232424,1.28093384546206
"HENNEPIN",0,-0.09652081232424,1.82454929205105
"HENNEPIN",0,-0.09652081232424,3.16124671203156
"HENNEPIN",0,-0.09652081232424,1.3609765531356
"HENNEPIN",0,-0.09652081232424,1.06471073699243
"HENNEPIN",0,-0.09652081232424,1.09861228866811
"HENNEPIN",0,-0.09652081232424,1.54756250871601
"HENNEPIN",0,-0.09652081232424,1.09861228866811
"HENNEPIN",0,-0.09652081232424,1.43508452528932
"HENNEPIN",0,-0.09652081232424,1.33500106673234
"HENNEPIN",0,-0.09652081232424,1.09861228866811
"HENNEPIN",0,-0.09652081232424,1.45861502269952
"HENNEPIN",1,-0.09652081232424,1.06471073699243
"HOUSTON",0,0.503529068533353,1.22377543162212
"HOUSTON",0,0.503529068533353,2.14006616349627
"HOUSTON",0,0.503529068533353,2.19722457733622
"HOUSTON",1,0.503529068533353,1.56861591791385
"HOUSTON",0,0.503529068533353,1.28093384546206
"HOUSTON",1,0.503529068533353,0.78845736036427
"HUBBARD",1,-0.400596976711304,1.02961941718116
"HUBBARD",1,-0.400596976711304,-0.22314355131421
"HUBBARD",0,-0.400596976711304,0.405465108108164
"HUBBARD",0,-0.400596976711304,1.52605630349505
"HUBBARD",1,-0.400596976711304,1.30833281965018
"ISANTI",0,-0.751872232701787,1.28093384546206
"ISANTI",0,-0.751872232701787,1.09861228866811
"ISANTI",0,-0.751872232701787,0.78845736036427
"ITASCA",0,-0.663347630601429,0.641853886172395
"ITASCA",0,-0.663347630601429,0.955511445027436
"ITASCA",0,-0.663347630601429,0.587786664902119
"ITASCA",0,-0.663347630601429,0.8754687373539
"ITASCA",0,-0.663347630601429,1.45861502269952
"ITASCA",0,-0.663347630601429,0.955511445027436
"ITASCA",0,-0.663347630601429,0.0953101798043249
"ITASCA",0,-0.663347630601429,1.19392246847243
"ITASCA",0,-0.663347630601429,0.916290731874155
"ITASCA",0,-0.663347630601429,2.24070968927596
"ITASCA",0,-0.663347630601429,0.262364264467491
"JACKSON",0,0.309020284839334,2.12823170584927
"JACKSON",0,0.309020284839334,1.6094379124341
"JACKSON",0,0.309020284839334,1.06471073699243
"JACKSON",0,0.309020284839334,2.57261223020711
"JACKSON",0,0.309020284839334,2.72785282839839
"KANABEC",0,-0.0533860089036706,0.587786664902119
"KANABEC",0,-0.0533860089036706,1.33500106673234
"KANABEC",0,-0.0533860089036706,2.06686275947298
"KANABEC",0,-0.0533860089036706,0.955511445027436
"KANDIYOHI",0,0.10973294265158,2.42480272571829
"KANDIYOHI",0,0.10973294265158,1.41098697371026
"KANDIYOHI",0,0.10973294265158,2.50959926237837
"KANDIYOHI",0,0.10973294265158,1.90210752639692
"KITTSON",0,-0.00780336722984165,1.93152141160321
"KITTSON",1,-0.00780336722984165,1.50407739677627
"KITTSON",1,-0.00780336722984165,-0.105360515657826
"KOOCHICHING",0,-0.881828920506582,0.53062825106217
"KOOCHICHING",0,-0.881828920506582,0.336472236621213
"KOOCHICHING",1,-0.881828920506582,0.693147180559945
"KOOCHICHING",1,-0.881828920506582,0
"KOOCHICHING",0,-0.881828920506582,0
"KOOCHICHING",1,-0.881828920506582,1.02961941718116
"KOOCHICHING",1,-0.881828920506582,0.262364264467491
"LAC QUI PARLE",1,0.311029878756367,2.42480272571829
"LAC QUI PARLE",0,0.311029878756367,2.77258872223978
"LAKE",1,-0.691596383667291,0.262364264467491
"LAKE",0,-0.691596383667291,0.262364264467491
"LAKE",0,-0.691596383667291,0.470003629245736
"LAKE",0,-0.691596383667291,-0.105360515657826
"LAKE",0,-0.691596383667291,1.02961941718116
"LAKE",0,-0.691596383667291,-0.693147180559945
"LAKE",0,-0.691596383667291,0.405465108108164
"LAKE",0,-0.691596383667291,1.96009478404727
"LAKE",0,-0.691596383667291,-0.693147180559945
"LAKE OF THE WOODS",0,-0.681708848419116,2.31253542384721
"LAKE OF THE WOODS",1,-0.681708848419116,1.45861502269952
"LAKE OF THE WOODS",0,-0.681708848419116,1.19392246847243
"LAKE OF THE WOODS",1,-0.681708848419116,1.06471073699243
"LE SUEUR",0,0.194447736591795,2.52572864430826
"LE SUEUR",1,0.194447736591795,1.43508452528932
"LE SUEUR",0,0.194447736591795,1.50407739677627
"LE SUEUR",0,0.194447736591795,1.3609765531356
"LE SUEUR",0,0.194447736591795,1.19392246847243
"LINCOLN",0,0.444903746232023,2.86220088092947
"LINCOLN",0,0.444903746232023,2.36085400111802
"LINCOLN",0,0.444903746232023,2.06686275947298
"LINCOLN",1,0.444903746232023,1.25276296849537
"LYON",0,0.39473440617801,1.87180217690159
"LYON",1,0.39473440617801,1.93152141160321
"LYON",0,0.39473440617801,1.62924053973028
"LYON",0,0.39473440617801,2.484906649788
"LYON",0,0.39473440617801,1.62924053973028
"LYON",0,0.39473440617801,2.18605127673809
"LYON",0,0.39473440617801,1.75785791755237
"LYON",0,0.39473440617801,1.52605630349505
"MAHNOMEN",0,0.14960034272844,1.3609765531356
"MARSHALL",1,0.0137648285757133,0.405465108108164
"MARSHALL",0,0.0137648285757133,3.16968558067743
"MARSHALL",1,0.0137648285757133,-0.105360515657826
"MARSHALL",1,0.0137648285757133,0.336472236621213
"MARSHALL",1,0.0137648285757133,0.0953101798043249
"MARSHALL",0,0.0137648285757133,1.02961941718116
"MARSHALL",0,0.0137648285757133,3.87535902105655
"MARSHALL",1,0.0137648285757133,-0.105360515657826
"MARSHALL",0,0.0137648285757133,2.11625551480255
"MARTIN",0,0.16586183575527,1.41098697371026
"MARTIN",1,0.16586183575527,-0.693147180559945
"MARTIN",0,0.16586183575527,1.90210752639692
"MARTIN",0,0.16586183575527,2.01490302054226
"MARTIN",0,0.16586183575527,2.21920348405499
"MARTIN",0,0.16586183575527,-0.693147180559945
"MARTIN",0,0.16586183575527,0.405465108108164
"MCLEOD",0,0.140422593662249,2.33214389523559
"MCLEOD",0,0.140422593662249,1.3609765531356
"MCLEOD",0,0.140422593662249,0.587786664902119
"MCLEOD",0,0.140422593662249,2.29253475714054
"MCLEOD",0,0.140422593662249,0.832909122935104
"MCLEOD",0,0.140422593662249,1.48160454092422
"MCLEOD",0,0.140422593662249,1.02961941718116
"MCLEOD",1,0.140422593662249,0.0953101798043249
"MCLEOD",0,0.140422593662249,0.182321556793955
"MCLEOD",1,0.140422593662249,0.470003629245736
"MCLEOD",1,0.140422593662249,3.23474917402449
"MCLEOD",1,0.140422593662249,-2.30258509299405
"MCLEOD",0,0.140422593662249,2.36085400111802
"MEEKER",0,0.0239508741557865,0.832909122935104
"MEEKER",0,0.0239508741557865,1.3609765531356
"MEEKER",0,0.0239508741557865,1.97408102602201
"MEEKER",0,0.0239508741557865,0.741937344729377
"MEEKER",0,0.0239508741557865,1.16315080980568
"MILLE LACS",1,-0.210059521766286,-0.693147180559945
"MILLE LACS",0,-0.210059521766286,1.7404661748405
"MORRISON",0,-0.0932266518569275,0.336472236621213
"MORRISON",0,-0.0932266518569275,0.741937344729377
"MORRISON",0,-0.0932266518569275,1.48160454092422
"MORRISON",0,-0.0932266518569275,0.8754687373539
"MORRISON",0,-0.0932266518569275,1.58923520511658
"MORRISON",1,-0.0932266518569275,1.09861228866811
"MORRISON",0,-0.0932266518569275,1.09861228866811
"MORRISON",0,-0.0932266518569275,1.02961941718116
"MORRISON",0,-0.0932266518569275,1.3609765531356
"MOWER",0,0.260932470709068,2.3887627892351
"MOWER",0,0.260932470709068,1.85629799036563
"MOWER",0,0.260932470709068,0.693147180559945
"MOWER",0,0.260932470709068,1.09861228866811
"MOWER",0,0.260932470709068,1.50407739677627
"MOWER",0,0.260932470709068,0.741937344729377
"MOWER",0,0.260932470709068,2.07944154167984
"MOWER",1,0.260932470709068,0.262364264467491
"MOWER",0,0.260932470709068,2.21920348405499
"MOWER",1,0.260932470709068,0.0953101798043249
"MOWER",0,0.260932470709068,2.36085400111802
"MOWER",0,0.260932470709068,3.17805383034795
"MOWER",0,0.260932470709068,2.2082744135228
"MURRAY",0,0.398849942735755,2.4932054526027
"NICOLLET",0,0.248046873411091,2.09186406167839
"NICOLLET",0,0.248046873411091,2.37954613413017
"NICOLLET",0,0.248046873411091,1.43508452528932
"NICOLLET",0,0.248046873411091,2.75366071235426
"NOBLES",0,0.405451774685941,1.68639895357023
"NOBLES",0,0.405451774685941,1.82454929205105
"NOBLES",0,0.405451774685941,2.27212588550934
"NORMAN",0,0.265221716521598,2.09186406167839
"NORMAN",0,0.265221716521598,0.470003629245736
"NORMAN",1,0.265221716521598,0.470003629245736
"OLMSTED",0,0.24315007938984,1.85629799036563
"OLMSTED",0,0.24315007938984,1.48160454092422
"OLMSTED",0,0.24315007938984,2.41591377830105
"OLMSTED",0,0.24315007938984,2.30258509299405
"OLMSTED",0,0.24315007938984,1.50407739677627
"OLMSTED",0,0.24315007938984,2.07944154167984
"OLMSTED",0,0.24315007938984,0.832909122935104
"OLMSTED",0,0.24315007938984,1.16315080980568
"OLMSTED",0,0.24315007938984,1.6094379124341
"OLMSTED",0,0.24315007938984,1.41098697371026
"OLMSTED",0,0.24315007938984,0.0953101798043249
"OLMSTED",0,0.24315007938984,0.693147180559945
"OLMSTED",1,0.24315007938984,0.0953101798043249
"OLMSTED",0,0.24315007938984,1.06471073699243
"OLMSTED",0,0.24315007938984,0.741937344729377
"OLMSTED",0,0.24315007938984,2.05412373369555
"OLMSTED",0,0.24315007938984,1.33500106673234
"OLMSTED",0,0.24315007938984,0.916290731874155
"OLMSTED",0,0.24315007938984,1.06471073699243
"OLMSTED",1,0.24315007938984,0.53062825106217
"OLMSTED",0,0.24315007938984,0.916290731874155
"OLMSTED",0,0.24315007938984,2.24070968927596
"OLMSTED",1,0.24315007938984,-0.510825623765991
"OTTER TAIL",0,-0.20473036924229,0.993251773010283
"OTTER TAIL",1,-0.20473036924229,0.0953101798043249
"OTTER TAIL",1,-0.20473036924229,0.741937344729377
"OTTER TAIL",0,-0.20473036924229,2.484906649788
"OTTER TAIL",1,-0.20473036924229,2.53369681395743
"OTTER TAIL",0,-0.20473036924229,1.16315080980568
"OTTER TAIL",0,-0.20473036924229,1.43508452528932
"OTTER TAIL",0,-0.20473036924229,1.33500106673234
"PENNINGTON",1,-0.0740276676859043,1.30833281965018
"PENNINGTON",0,-0.0740276676859043,1.75785791755237
"PENNINGTON",1,-0.0740276676859043,-1.20397280432594
"PINE",0,-0.163292169547294,1.41098697371026
"PINE",0,-0.163292169547294,1.02961941718116
"PINE",0,-0.163292169547294,0.641853886172395
"PINE",1,-0.163292169547294,0.182321556793955
"PINE",0,-0.163292169547294,0.182321556793955
"PINE",0,-0.163292169547294,0.405465108108164
"PIPESTONE",0,0.478604039464906,2.24070968927596
"PIPESTONE",0,0.478604039464906,0.53062825106217
"PIPESTONE",0,0.478604039464906,2.4932054526027
"PIPESTONE",1,0.478604039464906,1.45861502269952
"POLK",0,0.266111082523638,1.93152141160321
"POLK",1,0.266111082523638,0.336472236621213
"POLK",1,0.266111082523638,0.916290731874155
"POLK",0,0.266111082523638,2.26176309847379
"POPE",0,0.281148273600784,1.33500106673234
"POPE",0,0.281148273600784,1.22377543162212
"RAMSEY",0,-0.418053510614464,1.91692261218206
"RAMSEY",0,-0.418053510614464,1.28093384546206
"RAMSEY",0,-0.418053510614464,0.78845736036427
"RAMSEY",0,-0.418053510614464,0.955511445027436
"RAMSEY",0,-0.418053510614464,0.741937344729377
"RAMSEY",0,-0.418053510614464,1.94591014905531
"RAMSEY",0,-0.418053510614464,0.182321556793955
"RAMSEY",0,-0.418053510614464,1.33500106673234
"RAMSEY",0,-0.418053510614464,1.25276296849537
"RAMSEY",0,-0.418053510614464,1.43508452528932
"RAMSEY",1,-0.418053510614464,0.470003629245736
"RAMSEY",1,-0.418053510614464,1.02961941718116
"RAMSEY",0,-0.418053510614464,2.15176220325946
"RAMSEY",0,-0.418053510614464,1.82454929205105
"RAMSEY",0,-0.418053510614464,1.64865862558738
"RAMSEY",0,-0.418053510614464,0.993251773010283
"RAMSEY",0,-0.418053510614464,0.182321556793955
"RAMSEY",0,-0.418053510614464,1.25276296849537
"RAMSEY",0,-0.418053510614464,1.70474809223843
"RAMSEY",1,-0.418053510614464,2.31253542384721
"RAMSEY",0,-0.418053510614464,1.70474809223843
"RAMSEY",0,-0.418053510614464,0.182321556793955
"RAMSEY",0,-0.418053510614464,1.58923520511658
"RAMSEY",0,-0.418053510614464,1.38629436111989
"RAMSEY",0,-0.418053510614464,1.25276296849537
"RAMSEY",0,-0.418053510614464,0.916290731874155
"RAMSEY",0,-0.418053510614464,0.182321556793955
"RAMSEY",0,-0.418053510614464,0.993251773010283
"RAMSEY",0,-0.418053510614464,0.53062825106217
"RAMSEY",0,-0.418053510614464,1.1314021114911
"RAMSEY",0,-0.418053510614464,-0.356674943938732
"RAMSEY",0,-0.418053510614464,0
"REDWOOD",0,0.366322258590098,0.641853886172395
"REDWOOD",0,0.366322258590098,1.33500106673234
"REDWOOD",0,0.366322258590098,2.18605127673809
"REDWOOD",0,0.366322258590098,2.00148000021012
"REDWOOD",1,0.366322258590098,3.03013370027132
"RENVILLE",0,0.380577976600215,1.79175946922805
"RENVILLE",0,0.380577976600215,0.741937344729377
"RENVILLE",1,0.380577976600215,1.75785791755237
"RICE",0,0.193146092877103,2.27212588550934
"RICE",0,0.193146092877103,1.85629799036563
"RICE",0,0.193146092877103,1.52605630349505
"RICE",0,0.193146092877103,1.7227665977411
"RICE",0,0.193146092877103,2.94443897916644
"RICE",1,0.193146092877103,0.8754687373539
"RICE",0,0.193146092877103,1.09861228866811
"RICE",0,0.193146092877103,1.62924053973028
"RICE",0,0.193146092877103,2.04122032885964
"RICE",0,0.193146092877103,2.09186406167839
"RICE",0,0.193146092877103,1.54756250871601
"ROCK",0,0.528024865192056,2.12823170584927
"ROCK",0,0.528024865192056,0.470003629245736
"ROSEAU",1,-0.212045364648176,1.79175946922805
"ROSEAU",1,-0.212045364648176,0.0953101798043249
"ROSEAU",0,-0.212045364648176,2.43361335540045
"ROSEAU",1,-0.212045364648176,1.45861502269952
"ROSEAU",1,-0.212045364648176,1.28093384546206
"ROSEAU",0,-0.212045364648176,2.33214389523559
"ROSEAU",1,-0.212045364648176,1.22377543162212
"ROSEAU",0,-0.212045364648176,1.1314021114911
"ROSEAU",0,-0.212045364648176,1.28093384546206
"ROSEAU",0,-0.212045364648176,0.993251773010283
"ROSEAU",0,-0.212045364648176,1.38629436111989
"ROSEAU",1,-0.212045364648176,0.182321556793955
"ROSEAU",1,-0.212045364648176,0.53062825106217
"ROSEAU",1,-0.212045364648176,1.43508452528932
"SCOTT",1,0.0631156343140753,2.96010509591084
"SCOTT",1,0.0631156343140753,2.2082744135228
"SCOTT",0,0.0631156343140753,0.693147180559945
"SCOTT",0,0.0631156343140753,2.43361335540045
"SCOTT",0,0.0631156343140753,2.32238772029023
"SCOTT",1,0.0631156343140753,0.741937344729377
"SCOTT",0,0.0631156343140753,0.182321556793955
"SCOTT",0,0.0631156343140753,1.16315080980568
"SCOTT",1,0.0631156343140753,0.693147180559945
"SCOTT",0,0.0631156343140753,1.45861502269952
"SCOTT",0,0.0631156343140753,0.78845736036427
"SCOTT",0,0.0631156343140753,1.68639895357023
"SCOTT",0,0.0631156343140753,3.22684399451738
"SHERBURNE",0,-0.683436482376788,1.62924053973028
"SHERBURNE",0,-0.683436482376788,0.832909122935104
"SHERBURNE",0,-0.683436482376788,1.16315080980568
"SHERBURNE",0,-0.683436482376788,0.916290731874155
"SHERBURNE",0,-0.683436482376788,1.02961941718116
"SHERBURNE",0,-0.683436482376788,1.1314021114911
"SHERBURNE",0,-0.683436482376788,0.470003629245736
"SHERBURNE",0,-0.683436482376788,1.54756250871601
"SIBLEY",0,0.23721212323308,1.38629436111989
"SIBLEY",0,0.23721212323308,1.6094379124341
"SIBLEY",0,0.23721212323308,0.405465108108164
"SIBLEY",0,0.23721212323308,1.56861591791385
"ST LOUIS",0,-0.474673717150503,-0.22314355131421
"ST LOUIS",1,-0.474673717150503,-0.693147180559945
"ST LOUIS",0,-0.474673717150503,0.8754687373539
"ST LOUIS",0,-0.474673717150503,0.832909122935104
"ST LOUIS",0,-0.474673717150503,1.52605630349505
"ST LOUIS",0,-0.474673717150503,2.39789527279837
"ST LOUIS",0,-0.474673717150503,2.70136121295141
"ST LOUIS",0,-0.474673717150503,2.15176220325946
"ST LOUIS",0,-0.474673717150503,1.50407739677627
"ST LOUIS",0,-0.474673717150503,0.405465108108164
"ST LOUIS",0,-0.474673717150503,1.3609765531356
"ST LOUIS",0,-0.474673717150503,0.587786664902119
"ST LOUIS",0,-0.474673717150503,0.470003629245736
"ST LOUIS",0,-0.474673717150503,-0.693147180559945
"ST LOUIS",1,-0.474673717150503,-0.916290731874155
"ST LOUIS",1,-0.474673717150503,-0.693147180559945
"ST LOUIS",0,-0.474673717150503,2.16332302566054
"ST LOUIS",1,-0.474673717150503,0.470003629245736
"ST LOUIS",0,-0.474673717150503,0.336472236621213
"ST LOUIS",0,-0.474673717150503,2.16332302566054
"ST LOUIS",0,-0.474673717150503,2.40694510831829
"ST LOUIS",0,-0.474673717150503,0.405465108108164
"ST LOUIS",0,-0.474673717150503,0.0953101798043249
"ST LOUIS",1,-0.474673717150503,-0.105360515657826
"ST LOUIS",0,-0.474673717150503,-0.356674943938732
"ST LOUIS",0,-0.474673717150503,1.43508452528932
"ST LOUIS",0,-0.474673717150503,1.22377543162212
"ST LOUIS",1,-0.474673717150503,0.741937344729377
"ST LOUIS",0,-0.474673717150503,1.06471073699243
"ST LOUIS",0,-0.474673717150503,0.587786664902119
"ST LOUIS",0,-0.474673717150503,0.587786664902119
"ST LOUIS",0,-0.474673717150503,0.8754687373539
"ST LOUIS",0,-0.474673717150503,0.53062825106217
"ST LOUIS",1,-0.474673717150503,-0.22314355131421
"ST LOUIS",0,-0.474673717150503,2.45958884180371
"ST LOUIS",0,-0.474673717150503,0.587786664902119
"ST LOUIS",0,-0.474673717150503,1.02961941718116
"ST LOUIS",1,-0.474673717150503,1.25276296849537
"ST LOUIS",0,-0.474673717150503,1.28093384546206
"ST LOUIS",0,-0.474673717150503,1.25276296849537
"ST LOUIS",0,-0.474673717150503,1.09861228866811
"ST LOUIS",1,-0.474673717150503,1.16315080980568
"ST LOUIS",0,-0.474673717150503,1.1314021114911
"ST LOUIS",0,-0.474673717150503,1.19392246847243
"ST LOUIS",1,-0.474673717150503,0.53062825106217
"ST LOUIS",0,-0.474673717150503,1.7227665977411
"ST LOUIS",0,-0.474673717150503,1.22377543162212
"ST LOUIS",0,-0.474673717150503,0.405465108108164
"ST LOUIS",0,-0.474673717150503,3.47196645255036
"ST LOUIS",0,-0.474673717150503,0.0953101798043249
"ST LOUIS",0,-0.474673717150503,0.741937344729377
"ST LOUIS",0,-0.474673717150503,-0.22314355131421
"ST LOUIS",0,-0.474673717150503,0.405465108108164
"ST LOUIS",0,-0.474673717150503,0.262364264467491
"ST LOUIS",0,-0.474673717150503,1.1314021114911
"ST LOUIS",0,-0.474673717150503,1.97408102602201
"ST LOUIS",0,-0.474673717150503,0.336472236621213
"ST LOUIS",0,-0.474673717150503,0.262364264467491
"ST LOUIS",0,-0.474673717150503,0.405465108108164
"ST LOUIS",0,-0.474673717150503,1.6094379124341
"ST LOUIS",0,-0.474673717150503,0.832909122935104
"ST LOUIS",0,-0.474673717150503,0.8754687373539
"ST LOUIS",0,-0.474673717150503,0.182321556793955
"ST LOUIS",0,-0.474673717150503,1.68639895357023
"ST LOUIS",0,-0.474673717150503,0.0953101798043249
"ST LOUIS",0,-0.474673717150503,0.336472236621213
"ST LOUIS",1,-0.474673717150503,1.97408102602201
"ST LOUIS",0,-0.474673717150503,0.0953101798043249
"ST LOUIS",0,-0.474673717150503,1.19392246847243
"ST LOUIS",0,-0.474673717150503,1.16315080980568
"ST LOUIS",0,-0.474673717150503,0.405465108108164
"ST LOUIS",0,-0.474673717150503,1.28093384546206
"ST LOUIS",0,-0.474673717150503,-0.22314355131421
"ST LOUIS",0,-0.474673717150503,0.470003629245736
"ST LOUIS",0,-0.474673717150503,0.336472236621213
"ST LOUIS",0,-0.474673717150503,0.993251773010283
"ST LOUIS",0,-0.474673717150503,1.19392246847243
"ST LOUIS",0,-0.474673717150503,-0.105360515657826
"ST LOUIS",0,-0.474673717150503,-0.510825623765991
"ST LOUIS",0,-0.474673717150503,0.693147180559945
"ST LOUIS",0,-0.474673717150503,0.641853886172395
"ST LOUIS",0,-0.474673717150503,-0.105360515657826
"ST LOUIS",0,-0.474673717150503,1.68639895357023
"ST LOUIS",0,-0.474673717150503,0.405465108108164
"ST LOUIS",0,-0.474673717150503,1.1314021114911
"ST LOUIS",0,-0.474673717150503,0.587786664902119
"ST LOUIS",1,-0.474673717150503,-0.105360515657826
"ST LOUIS",0,-0.474673717150503,1.19392246847243
"ST LOUIS",0,-0.474673717150503,0.53062825106217
"ST LOUIS",0,-0.474673717150503,1.1314021114911
"ST LOUIS",1,-0.474673717150503,-0.356674943938732
"ST LOUIS",0,-0.474673717150503,1.45861502269952
"ST LOUIS",0,-0.474673717150503,0.336472236621213
"ST LOUIS",0,-0.474673717150503,0.587786664902119
"ST LOUIS",0,-0.474673717150503,0.405465108108164
"ST LOUIS",1,-0.474673717150503,0.78845736036427
"ST LOUIS",0,-0.474673717150503,0.8754687373539
"ST LOUIS",0,-0.474673717150503,0.993251773010283
"ST LOUIS",0,-0.474673717150503,0.53062825106217
"ST LOUIS",1,-0.474673717150503,0.0953101798043249
"ST LOUIS",1,-0.474673717150503,0.587786664902119
"ST LOUIS",0,-0.474673717150503,-1.6094379124341
"ST LOUIS",0,-0.474673717150503,0.78845736036427
"ST LOUIS",0,-0.474673717150503,1.52605630349505
"ST LOUIS",0,-0.474673717150503,0.741937344729377
"ST LOUIS",0,-0.474673717150503,0.693147180559945
"ST LOUIS",0,-0.474673717150503,-0.356674943938732
"ST LOUIS",0,-0.474673717150503,1.85629799036563
"ST LOUIS",0,-0.474673717150503,1.09861228866811
"ST LOUIS",0,-0.474673717150503,0.693147180559945
"ST LOUIS",0,-0.474673717150503,-0.105360515657826
"ST LOUIS",0,-0.474673717150503,1.19392246847243
"ST LOUIS",0,-0.474673717150503,0.587786664902119
"ST LOUIS",0,-0.474673717150503,0.587786664902119
"ST LOUIS",0,-0.474673717150503,0.78845736036427
"ST LOUIS",0,-0.474673717150503,1.45861502269952
"STEARNS",0,0.116395406677788,2.01490302054226
"STEARNS",0,0.116395406677788,1.85629799036563
"STEARNS",0,0.116395406677788,2.11625551480255
"STEARNS",0,0.116395406677788,0.741937344729377
"STEARNS",0,0.116395406677788,1.19392246847243
"STEARNS",0,0.116395406677788,0.262364264467491
"STEARNS",0,0.116395406677788,1.6094379124341
"STEARNS",1,0.116395406677788,0
"STEARNS",0,0.116395406677788,1.94591014905531
"STEARNS",0,0.116395406677788,1.7404661748405
"STEARNS",0,0.116395406677788,2.31253542384721
"STEARNS",0,0.116395406677788,1.88706964903238
"STEARNS",1,0.116395406677788,0.955511445027436
"STEARNS",0,0.116395406677788,1.19392246847243
"STEARNS",1,0.116395406677788,0.405465108108164
"STEARNS",0,0.116395406677788,1.6094379124341
"STEARNS",0,0.116395406677788,2.00148000021012
"STEARNS",0,0.116395406677788,2.67414864942653
"STEARNS",0,0.116395406677788,0.587786664902119
"STEARNS",0,0.116395406677788,2.00148000021012
"STEARNS",0,0.116395406677788,0.955511445027436
"STEARNS",0,0.116395406677788,1.30833281965018
"STEARNS",0,0.116395406677788,0.641853886172395
"STEARNS",1,0.116395406677788,0.78845736036427
"STEARNS",0,0.116395406677788,1.6094379124341
"STEELE",0,0.269805738660408,1.98787434815435
"STEELE",0,0.269805738660408,1.30833281965018
"STEELE",0,0.269805738660408,1.06471073699243
"STEELE",0,0.269805738660408,1.48160454092422
"STEELE",0,0.269805738660408,2.12823170584927
"STEELE",0,0.269805738660408,1.62924053973028
"STEELE",0,0.269805738660408,1.28093384546206
"STEELE",0,0.269805738660408,0.405465108108164
"STEELE",0,0.269805738660408,2.15176220325946
"STEELE",0,0.269805738660408,2.36085400111802
"STEVENS",0,0.470778329088307,2.07944154167984
"STEVENS",0,0.470778329088307,1.50407739677627
"SWIFT",0,0.316028975591628,1.09861228866811
"SWIFT",0,0.316028975591628,0.8754687373539
"SWIFT",0,0.316028975591628,0.405465108108164
"SWIFT",0,0.316028975591628,1.56861591791385
"TODD",0,-0.0468400668458182,1.91692261218206
"TODD",0,-0.0468400668458182,0.741937344729377
"TODD",1,-0.0468400668458182,1.79175946922805
"TRAVERSE",1,0.497594476916848,1.06471073699243
"TRAVERSE",0,0.497594476916848,1.90210752639692
"TRAVERSE",0,0.497594476916848,2.96010509591084
"TRAVERSE",0,0.497594476916848,1.38629436111989
"WABASHA",0,0.150082415651304,1.77495235091167
"WABASHA",0,0.150082415651304,2.19722457733622
"WABASHA",0,0.150082415651304,2.12823170584927
"WABASHA",1,0.150082415651304,0.0953101798043249
"WABASHA",0,0.150082415651304,1.1314021114911
"WABASHA",0,0.150082415651304,2.4423470353692
"WABASHA",0,0.150082415651304,2.26176309847379
"WADENA",0,-0.672029731746026,1.06471073699243
"WADENA",1,-0.672029731746026,-0.356674943938732
"WADENA",1,-0.672029731746026,1.16315080980568
"WADENA",0,-0.672029731746026,1.54756250871601
"WADENA",0,-0.672029731746026,1.56861591791385
"WASECA",0,0.212414197101124,-0.916290731874155
"WASECA",0,0.212414197101124,2.23001440015921
"WASECA",0,0.212414197101124,0.53062825106217
"WASECA",1,0.212414197101124,-0.105360515657826
"WASHINGTON",0,-0.147484283042756,2.32238772029023
"WASHINGTON",0,-0.147484283042756,2.04122032885964
"WASHINGTON",0,-0.147484283042756,0.78845736036427
"WASHINGTON",0,-0.147484283042756,1.87180217690159
"WASHINGTON",0,-0.147484283042756,2.50143595173921
"WASHINGTON",0,-0.147484283042756,1.52605630349505
"WASHINGTON",0,-0.147484283042756,1.82454929205105
"WASHINGTON",0,-0.147484283042756,1.87180217690159
"WASHINGTON",0,-0.147484283042756,1.02961941718116
"WASHINGTON",0,-0.147484283042756,0.641853886172395
"WASHINGTON",1,-0.147484283042756,0.182321556793955
"WASHINGTON",0,-0.147484283042756,0.8754687373539
"WASHINGTON",0,-0.147484283042756,0
"WASHINGTON",1,-0.147484283042756,0.182321556793955
"WASHINGTON",0,-0.147484283042756,0.470003629245736
"WASHINGTON",0,-0.147484283042756,-0.22314355131421
"WASHINGTON",0,-0.147484283042756,0.53062825106217
"WASHINGTON",0,-0.147484283042756,1.54756250871601
"WASHINGTON",1,-0.147484283042756,0.53062825106217
"WASHINGTON",0,-0.147484283042756,1.19392246847243
"WASHINGTON",1,-0.147484283042756,-0.22314355131421
"WASHINGTON",0,-0.147484283042756,2.28238238567653
"WASHINGTON",0,-0.147484283042756,1.66770682055808
"WASHINGTON",0,-0.147484283042756,2.14006616349627
"WASHINGTON",0,-0.147484283042756,0.641853886172395
"WASHINGTON",0,-0.147484283042756,1.88706964903238
"WASHINGTON",0,-0.147484283042756,1.33500106673234
"WASHINGTON",0,-0.147484283042756,1.77495235091167
"WASHINGTON",0,-0.147484283042756,1.58923520511658
"WASHINGTON",1,-0.147484283042756,0.916290731874155
"WASHINGTON",0,-0.147484283042756,2.37024374146786
"WASHINGTON",0,-0.147484283042756,0.8754687373539
"WASHINGTON",0,-0.147484283042756,0.741937344729377
"WASHINGTON",0,-0.147484283042756,1.54756250871601
"WASHINGTON",0,-0.147484283042756,1.30833281965018
"WASHINGTON",0,-0.147484283042756,2.59525470695687
"WASHINGTON",0,-0.147484283042756,1.06471073699243
"WASHINGTON",0,-0.147484283042756,1.45861502269952
"WASHINGTON",0,-0.147484283042756,1.33500106673234
"WASHINGTON",0,-0.147484283042756,0.587786664902119
"WASHINGTON",0,-0.147484283042756,0.405465108108164
"WASHINGTON",0,-0.147484283042756,0.587786664902119
"WASHINGTON",0,-0.147484283042756,0.262364264467491
"WASHINGTON",0,-0.147484283042756,1.88706964903238
"WASHINGTON",0,-0.147484283042756,3.01553490085017
"WASHINGTON",0,-0.147484283042756,1.79175946922805
"WATONWAN",0,0.183237803578308,2.62466859216316
"WATONWAN",1,0.183237803578308,2.32238772029023
"WATONWAN",1,0.183237803578308,1.7404661748405
"WILKIN",0,0.236036084296147,2.23001440015921
"WINONA",0,0.463211867357523,1.22377543162212
"WINONA",0,0.463211867357523,1.41098697371026
"WINONA",0,0.463211867357523,2.45100509811232
"WINONA",0,0.463211867357523,1.97408102602201
"WINONA",0,0.463211867357523,1.54756250871601
"WINONA",1,0.463211867357523,0.587786664902119
"WINONA",1,0.463211867357523,-0.356674943938732
"WINONA",0,0.463211867357523,1.54756250871601
"WINONA",0,0.463211867357523,2.32238772029023
"WINONA",0,0.463211867357523,2.42480272571829
"WINONA",0,0.463211867357523,2.02814824729229
"WINONA",0,0.463211867357523,2.46809953147162
"WINONA",1,0.463211867357523,-0.693147180559945
"WRIGHT",0,-0.0900242748478867,1.90210752639692
"WRIGHT",0,-0.0900242748478867,1.66770682055808
"WRIGHT",0,-0.0900242748478867,1.1314021114911
"WRIGHT",0,-0.0900242748478867,0.741937344729377
"WRIGHT",0,-0.0900242748478867,1.98787434815435
"WRIGHT",0,-0.0900242748478867,1.62924053973028
"WRIGHT",0,-0.0900242748478867,0.78845736036427
"WRIGHT",1,-0.0900242748478867,0.832909122935104
"WRIGHT",0,-0.0900242748478867,2.76631910922619
"WRIGHT",0,-0.0900242748478867,2.2512917986065
"WRIGHT",0,-0.0900242748478867,1.85629799036563
"WRIGHT",0,-0.0900242748478867,1.50407739677627
"WRIGHT",0,-0.0900242748478867,1.6094379124341
"YELLOW MEDICINE",0,0.355286981163884,1.30833281965018
"YELLOW MEDICINE",0,0.355286981163884,1.06471073699243
